FBME DIAGNOSTICS REPORT
Strategy: dynamic_gen
====================================================================================================

GLOBAL SUMMARY
----------------------------------------------------------------------------------------------------
Number of MTUs total: 8760
Number of MTUs with valid FBME: 8760
Mean hourly mean_abs_fbme: 18.078715
Mean hourly max_abs_fbme: 96.568553
Max hourly mean_abs_fbme: 206.883455
Max line abs_fbme overall: 1058.346814

INVALID-HOUR REASONS
----------------------------------------------------------------------------------------------------
reason
ok    8760

TOP 50 MTUS BY mean_abs_fbme
----------------------------------------------------------------------------------------------------
   t  mean_abs_fbme  max_abs_fbme  std_abs_fbme  n_matched_lines  sum_abs_np_diff  total_demand  total_renewables  renewable_share  max_line_loading_d1  n_d1_overloaded_matched_lines
7729     206.883455   1058.346814    194.754206               60      5694.764258  34289.818085      18398.029558         0.536545             1.190441                              7
1435     143.069295    597.098211    132.900907               63       728.130791  55225.417860      12625.660992         0.228620             1.017054                              2
7735     137.935447    645.708460    111.329548               58      3351.473008  33560.044747      18643.236368         0.555519             1.038948                              4
 936     135.814000    572.941831    127.562823               63       652.168966  51514.569631      14239.138546         0.276410             1.051028                              4
1595     129.940454    471.504239    110.389782               93      4749.646952  49439.706052      18160.091655         0.367318             1.068212                              5
7709     129.080336    664.038603    114.344900               61      3420.477471  36335.142376      19180.952841         0.527890             1.019472                              2
2482     128.557434    472.817600    109.032716               93      4649.548198  49350.512025      17350.006368         0.351567             1.062622                              5
7730     127.328917    602.887484    103.452866               58      3148.284982  33462.717998      18567.409731         0.554869             1.031401                              4
8287     125.994098    524.697050    115.522284               63       902.124959  50810.125181      10237.165189         0.201479             1.074659                              4
1598     124.434431    457.909653    105.009723               93      4485.524465  49047.230174      17752.965786         0.361957             1.045210                              4
8023     124.301880    568.392826    124.849982               63       155.672599  51770.783628      11519.123703         0.222502             1.071572                              4
7732     123.088909    580.113210     99.271785               58      3032.697171  33190.061276      18687.940641         0.563058             1.031174                              4
 618     122.647038    501.172848    111.435610               63       824.143079  53172.138127      11462.360840         0.215571             1.026860                              2
1412     121.189026    504.340199    110.764766               63       968.534398  54543.332856      10234.086195         0.187632             1.011690                              1
2434     120.829461    445.335743    108.744424               93      3265.734018  48197.704160      17039.632781         0.353536             1.017669                              4
 632     120.787538    502.874700    110.614374               63       925.459201  51903.455588       9734.313966         0.187547             1.044549                              4
1436     120.117967    493.110417    109.071091               63       821.740249  55680.916796      12512.599560         0.224720             1.013031                              1
1811     118.765389    471.162358    106.222616               91      4486.183950  47246.729636      14593.161266         0.308871             1.063254                              5
 905     115.706990    485.703283    113.025746               63         0.000000  51875.245899      12414.457139         0.239314             1.016880                              3
7731     113.766447    554.038682     94.736282               60      2896.272391  33011.562423      18676.440838         0.565755             1.028190                              4
 617     113.741884    492.191005    107.144975               64       846.283788  52030.321626      11422.044592         0.219527             1.024972                              4
1573     112.049307    377.092026     89.407490               93      4385.872883  50696.400027      21216.640423         0.418504             1.070790                              2
7952     112.010340    471.641187    103.477704               64       859.153699  51978.156970      11878.046249         0.228520             1.021923                              1
1572     111.874626    382.236161     89.441170               93      4329.440201  50593.134396      21449.730285         0.423965             1.074982                              2
3754     111.797831    443.326009    107.098378               93      3030.898496  46234.571334      15594.794759         0.337297             0.987956                              0
 906     111.434463    438.746128    100.460488               64       562.573040  53603.283216      13089.796581         0.244198             1.026550                              3
7993     111.433893    578.906060    104.959100               62      2936.214983  35385.984973      19949.535493         0.563769             0.995067                              0
7672     111.390629    477.188379    103.640244               64      1131.814358  53989.931011      10471.120743         0.193946             1.021779                              2
 909     110.480506    448.806757    118.333778               63        26.740414  54270.609655      14881.026899         0.274200             1.007506                              2
7733     109.908732    539.847666     92.004168               61      2821.776827  32704.003691      18694.491449         0.571627             1.027937                              4
 258     109.154749    429.967461    101.566342               65       739.948816  56182.397746      22016.956723         0.391884             1.123626                              1
 234     108.543760    397.927522    107.261075               65       101.923464  55844.103085      19296.069389         0.345535             1.129704                              1
 259     108.461305    420.697088     98.510820               65       861.527419  55730.333611      22014.892919         0.395025             1.122389                              1
7689     107.568972    283.306031     74.293333               64      1981.403495  53020.585841      13300.470283         0.250855             1.045502                              2
7691     107.531747    255.513193     67.390330               65      1610.396122  53316.554890      14613.429851         0.274088             1.049245                              2
 907     107.462682    637.556269    120.624111               62       170.971628  56115.474526      13810.143351         0.246102             1.111748                              8
7258     107.084810    391.745561    106.882155               67      4256.872157  50332.089518       8113.048741         0.161190             0.901998                              0
8288     105.962317    475.573037    101.826807               63      1126.861512  52294.402424      10187.794478         0.194816             1.023769                              4
 619     105.877602    491.092775    101.536456               63      1008.821049  54465.772833      11415.806124         0.209596             1.004531                              1
3440     105.677030    396.911465    105.735397               67      3981.128844  48943.521343       6223.944025         0.127166             0.925844                              0
7281     105.568222    399.468645    106.133987               67      3895.337176  52113.067090      10680.671259         0.204952             0.952837                              0
6971     105.378054    399.077752    106.810129               67      3865.338248  48572.075312       6761.526509         0.139206             0.934572                              0
 620     105.294771    495.320386    100.530745               63       880.621954  53746.148778      11182.660653         0.208064             1.032102                              1
 621     105.044584    468.420943    102.089331               63       772.098804  51353.510703      10712.244552         0.208598             1.016744                              1
1484     104.879540    450.067318     97.123951               63      1214.739904  53345.783939       9720.591594         0.182219             1.010526                              1
3449     104.606875    394.443474    104.519313               67      3914.630207  48390.850778       5823.428216         0.120342             0.930810                              0
7473     104.585024    396.322310    104.534693               67      3882.894005  52041.246509      10824.941720         0.208007             0.957173                              0
4304     104.545185    389.093245    103.520726               67      4056.099859  47027.611491       6123.955336         0.130220             0.932467                              0
1024     104.497736    380.939556    102.387148               62      3699.906488  44792.442423       4643.296597         0.103663             0.932754                              0
1977     104.151417    396.071731    103.657422               67      3841.945091  47923.451919       7762.573381         0.161979             0.928413                              0

TOP LINES WITH HIGHEST abs_fbme ACROSS ALL HOURS
----------------------------------------------------------------------------------------------------
   t  line  cnec  cnec_idx    abs_fbme         fbme  actual_delta_flow  expected_delta_flow      flow_d1     flow_d2  d1_loading  is_d1_overloaded
7729   162   162       147 1058.346814 -1058.346814        -335.640023           722.706791  -504.292218 -168.652195    0.494190             False
2366   137   137       122  709.566434  -709.566434        -548.840495           160.725938  -314.699694  234.140802    0.308395             False
3854   137   137       122  677.685301  -677.685301        -591.104822            86.580479  -379.672499  211.432323    0.372067             False
2365   137   137       122  676.853520  -676.853520        -597.054527            79.798992  -358.976464  238.078064    0.351785             False
1714   131   131       116  667.610190  -667.610190        -745.610173           -77.999983  -403.367513  342.242659    0.395287             False
7709   162   162       147  664.038603  -664.038603         -61.740217           602.298387  -209.525806 -147.785590    0.205328             False
3803   137   137       122  649.066112  -649.066112        -578.714958            70.351154  -302.632530  276.082428    0.296570             False
7735   162   162       147  645.708460  -645.708460         -41.936140           603.772320  -188.087502 -146.151362    0.184320             False
 944   131   131       116  645.153793  -645.153793        -712.711194           -67.557401 -1136.369873 -423.658679    1.113605              True
 907   131   131       116  637.556269  -637.556269        -644.121079            -6.564810 -1094.194539 -450.073460    1.072275              True
7736    69    69        59  614.681135   614.681135         614.681135             0.000000    78.359468 -536.321667    0.076790             False
7729   109   109        94  612.677738  -612.677738        -510.166317           102.511421 -1184.267331 -674.101014    1.160543              True
7729   291   291       242  612.677738   612.677738         510.166317          -102.511421  1184.267331  674.101014    1.160543              True
7730   162   162       147  602.887484  -602.887484         -36.087324           566.800160  -179.957327 -143.870003    0.176352             False
1435   131   131       116  597.098211  -597.098211        -630.276067           -33.177855 -1037.844714 -407.568648    1.017054              True
5197   137   137       122  592.824878  -592.824878        -553.419531            39.405348  -304.174716  249.244814    0.298081             False
7729    61    61        52  588.028121  -588.028121        -397.065934           190.962186  -962.286275 -565.220341    0.943009             False
7729   293   293       244  588.028121  -588.028121        -397.065934           190.962186  -962.286275 -565.220341    0.943009             False
 945   131   131       116  584.080840  -584.080840        -661.847199           -77.766359 -1109.862516 -448.015317    1.087629              True
7732   162   162       147  580.113210  -580.113210         -34.548197           545.565013  -176.637112 -142.088915    0.173099             False
7993   162   162       147  578.906060  -578.906060         -66.622488           512.283572  -192.784016 -126.161529    0.188922             False
4213   137   137       122  575.554810  -575.554810        -550.135273            25.419536  -323.572018  226.563255    0.317090             False
 936   131   131       116  572.941831  -572.941831        -602.650749           -29.708918 -1072.513371 -469.862622    1.051028              True
 949   131   131       116  571.927104  -571.927104        -653.039891           -81.112788 -1055.665161 -402.625269    1.034517              True
8023   131   131       116  568.392826  -568.392826        -575.272254            -6.879428 -1092.456651 -517.184396    1.070571              True
 948   131   131       116  563.826921  -563.826921        -644.943154           -81.116233 -1070.368624 -425.425470    1.048926              True
5222   137   137       122  557.777164  -557.777164        -489.342359            68.434805  -319.911656  169.430703    0.313503             False
5196   137   137       122  554.909862  -554.909862        -534.452360            20.457502  -280.559460  253.892900    0.274939             False
7731   162   162       147  554.038682  -554.038682         -34.305506           519.733176  -172.602965 -138.297459    0.169145             False
2700   137   137       122  552.860406  -552.860406        -530.528910            22.331497  -269.672931  260.855978    0.264271             False
4358   137   137       122  550.891610  -550.891610        -503.289102            47.602509  -226.473941  276.815160    0.221937             False
4212   137   137       122  550.277953  -550.277953        -535.092261            15.185692  -308.411685  226.680577    0.302233             False
3804   137   137       122  542.630851  -542.630851        -500.698291            41.932560  -315.454493  185.243798    0.309135             False
4718   137   137       122  541.768870  -541.768870        -526.977710            14.791161  -296.663999  230.313711    0.290721             False
4214   137   137       122  541.749399  -541.749399        -527.024984            14.724415  -298.665500  228.359484    0.292682             False
7733   162   162       147  539.847666  -539.847666         -33.472207           506.375459  -170.000338 -136.528131    0.166595             False
 947   131   131       116  538.743350  -538.743350        -622.981215           -84.237865 -1070.097518 -447.116303    1.048660              True
3850   137   137       122  536.063742  -536.063742        -525.858099            10.205643  -308.794501  217.063598    0.302608             False
4717   137   137       122  533.362235  -533.362235        -522.259881            11.102354  -298.008996  224.250885    0.292039             False
 935   131   131       116  531.200570  -531.200570        -566.055971           -34.855402 -1018.897275 -452.841304    0.998486             False
4211   137   137       122  531.064112  -531.064112        -520.919633            10.144479  -289.083987  231.835647    0.283293             False
5198   137   137       122  530.468810  -530.468810        -520.418980            10.049830  -286.093979  234.325000    0.280363             False
 950   131   131       116  529.445001  -529.445001        -611.207035           -81.762033 -1041.790649 -430.583615    1.020920              True
8287   131   131       116  524.697050  -524.697050        -567.454991           -42.757942 -1091.511229 -524.056237    1.069645              True
3878   137   137       122  520.738060  -520.738060        -514.680337             6.057723  -307.733644  206.946693    0.301569             False
 951   131   131       116  518.873304  -518.873304        -596.837432           -77.964128 -1013.325786 -416.488354    0.993026             False
3851   137   137       122  513.532441  -513.532441        -495.606842            17.925600  -353.068475  142.538367    0.345995             False
5220   137   137       122  512.476782  -512.476782        -489.585160            22.891622  -300.672025  188.913135    0.294649             False
 952   131   131       116  511.390541  -511.390541        -593.020843           -81.630303  -985.873784 -392.852940    0.966124             False
4021   137   137       122  510.682076  -510.682076        -508.115023             2.567053  -145.865159  362.249864    0.142943             False
